0.2047269999999996
0.17432540000000074
0.21385940000000048
0.18453110000000095
0.16841420000000085
0.19139729999999844
0.1747639999999997
0.1999873000000001
0.2071466000000015
0.18445770000000294
0.19637730000000175
0.17246870000000314
0.17447880000000282
0.17143879999999712
0.18033959999999638
0.177760499999998
0.1967187999999993
0.1940939000000057
0.17416399999999754
0.20010369999999966
0.16481530000000078
0.1698724000000027
0.17403170000000046
0.1642622999999972
0.18039089999999902
0.20837490000000258
0.19728460000000325
0.17019129999999905
0.169591699999998
0.20750519999999995
0.17508770000000595
0.19547409999999843
0.5564537000000005
0.20796330000000118
0.16219060000000063
0.17767080000000135
0.1821060999999986
0.1677072000000024
0.1790571000000014
0.1946557999999996