0.201361999999999
0.2057518999999992
0.18254169999999803
0.18054919999999797
0.18677480000000202
0.18461459999999974
0.20731059999999957
0.20575219999999916
0.2270073000000039
0.188968899999999
0.1907931000000005
0.20141890000000018
0.18224479999999943
0.18708330000000473
0.20163279999999872
0.177336700000005
0.19099959999999783
0.2001732999999959
0.1788913999999977
0.17889120000000247
0.176745099999998
0.19289779999999723
0.17629540000000077
0.21285480000000234
0.17924690000000254
0.18903379999999714
0.24975789999999165
0.20166079999999909
0.1771540000000016
0.19617020000001162
0.19308049999999355
0.20131389999998817
0.21834160000000224
0.1920482000000021
0.20277890000001264
0.1736961000000008
0.17865829999999505
0.19572279999999864
0.19492200000000537
0.17284500000000946