1465.3812005901927
1366.220497710908
1403.8655409403746
1488.654145550455
1363.944237213459
1423.2830155584852
1381.126086380799
1428.5186437922648
1501.4765241492512
1484.486149516517
1429.3613682313423
1424.6613026932107
1422.7488213338515
1397.9255772733388
1407.4042327431641
1473.80256278039
1437.2544717841627
1445.732507345458
1541.5871873486317
1451.3898581867536
1565.8484438156356
1441.0603648227197
1397.74979509024
1465.8268326396246
1472.306120000564
1474.9777249953981
1472.9613305594817
1497.2027279275808
1434.103843250422
1437.209708879494
1447.2154818111685
1431.6886553793522
1492.2175787991334
1376.9606276105908
1371.8150417512086
1439.6198355660192
1424.7529862928923
1439.5724912180895
1496.3777621253482
1447.4291537254317
1386.913559930472
1389.2186779267872
1468.5755675087319
1464.0516903239115
1469.9842089799567
1428.0940532858108
1410.373003221121
1430.2976826884678
1383.5076886832032
1452.8559296944968