2829.613405121726
2383.165734569544
2176.520069428744
2151.40083830861
2178.43399042229
2491.3974732031015
2514.4395025868803
2453.8884597737842
2360.5066640695395
2376.8969551375594
2132.3664115465504
2261.3484000584717
2073.042211257812
2334.754814348808
2312.4838477502835
2587.2643992835306
2255.6746596305675
2147.9906928792047
2060.213714362611
2554.431277688739
2788.426497187358
3270.502681557552
3979.1983917242833
3745.2689090012386
3174.832621944618
3482.2036298749526
2139.986839152004
2401.8347866109016
2363.0748184037952
3233.963070485705
1991.709868337188
2471.645473370781
2283.923260736589
2432.4189537367733
2474.6882629881893
2641.6188555082845
2782.0772928173956
2565.822673149372
2592.5450718593224
2236.5650423960856
2448.6463385033644
2453.471744442797
2339.323522988098
2297.3621254028694
2621.7842387748133
2391.22263163718
2190.982980715514
2345.552607675508
2855.3578983966577
2867.1747730899856