2001.283298342146
1752.1595601200795
1715.7220783707994
1547.8431067731522
1669.4545877428802
1647.2935751897987
1755.7044121967976
1925.3208068973865
1370.5730551444817
1286.5353695774509
1514.6070013302253
1722.313853706405
1294.6210469040002
1432.202808032189
1412.6562570153365
1320.9538857088194
1156.4555457917638
1202.0617323199347
1908.1442028045824
2300.6112726125966
1831.7724762950195
2262.9697497437587
1966.045123471712
1188.5955920580457
1456.7382351233668
1297.4383206011887
1550.8530777743451
1403.422656147678
1328.2138975324979
1499.4897790491991
1455.1447696938021
1470.1807073184407
1410.6980235060137
1439.6079420557173
2084.7391285698372
1420.6892329367274
1440.9123213215505
1397.3124794631756
1014.947481366947
1632.7599126114849
1400.8858737228534
1646.2623516250196
1420.1698416106044
1380.069546338324
1545.8786693837383
2391.651421284123
1516.6838773041156
1498.9766110631533
1353.9897910765224
1403.9929093733604