2117.5829264350095
2237.9950833145654
2475.5753487088796
2367.7880082431298
2459.0489712046583
2269.3623121559917
2485.2355318972955
2416.0437258933357
2488.993073134467
2305.3557346717976
2154.4367829731473
2371.329486565571
2451.121488970115
2442.637514525639
2325.729923767294
2435.529769590421
2405.6287737662074
2169.3241534937874
2375.2858631126164
2493.8901094173766
2233.5314403464517
2500.4969093719424
2566.21042807199
2287.768073884005
2385.9011402081674
2393.256535963055
2409.645257546979
2598.201051213143
2341.0688458037175
2342.481893746621
2434.6375075531582
2501.138597680896
2231.9303676056543
2208.1506103659262
2543.222728030646
2564.1285930363183
2318.1612168929178
2502.7114583704015
2383.101204511283
2504.7415120613305
2521.656041676494
2398.1229694516774
2506.152024826572
2578.686038403753
2485.1962540075024
2577.339891292746
2353.973756155164
2539.430842073779
2606.5774674982185
2356.1842954585422