2113.574542385665
2224.8302466859395
2143.2354547877003
2345.6268769683793
2219.5052913706104
2412.4867587951426
2395.0002712968176
2485.398892212012
2300.671517104087
2349.549686044419
2357.7783780497175
2378.697226607536
2257.092195426295
2376.516895023478
2417.8551658194947
2217.066063935004
2343.887317670065
2358.8880266277456
2363.2449225541422
2389.8743692578364
2338.957749392594
2190.394616631104
2285.3636482286406
2355.1365266063467
2202.7198637673946
2329.2407596477947
2384.6624642125917
2272.1442838372714
2293.3428171013566
2245.7545873379318
2336.6292445749104
2291.529982237586
2348.6837869348687
2411.9597188402477
2471.9617104363406
2450.6699190351164
2339.655371291111
2231.4261346050716
2339.913735669301
2275.7666360346543
2371.809192655021
2300.309202287677
2237.8809815934596
2167.958966019393
2184.502949359321
2131.3614798934946
2125.1133691046157
2173.478374399956
2103.9011628815297
2143.423379822864