1390.7214010466962
1309.82496661194
1284.193444153892
1488.639887174156
1480.2963672817466
1763.2631040014953
1886.3959094491076
1892.7401096840922
2005.0479807530248
2285.832712525978
2375.0204516810954
2432.7697040186936
2577.1128187207564
2557.0487844328486
2640.3285817016044
2706.778357107187
2685.6410615579116
2310.0310872155783
2222.52729522854
0.16398229999999892
2062.913203266725
2071.265864022594
1808.145195910047
1384.4989428979818
1127.5193577023103
1315.831983845538
1603.8142107134813
1633.5440897220565
1622.194488689941
1609.9973538976017
1705.954293582023
1936.3626980371355
2098.1096208545464
2479.325378417225
2835.0386927179725
2798.923667320302
2725.038605305685
2806.1610737265532
2701.3539184646634
2802.8583700042277
2004.7079716261137
1581.922888051451
1320.6892579661928
1190.65188535904
1239.2143466975515
1194.8058123211033
1157.9890895521619
1259.9119336545523
1320.6282677252575
1447.8666679136425
1653.4139109536084