1
irvan
2001.283298342146
0.5691661999999997
    
2
irvan
1752.1595601200795
0.1940602000000009
    
3
irvan
1715.7220783707994
0.16434060000000095
    
4
irvan
1547.8431067731522
0.16473719999999936
    
5
irvan
1669.4545877428802
0.18037999999999954
    
6
irvan
1647.2935751897987
0.17915119999999973
    
7
irvan
1755.7044121967976
0.2009325000000004
    
8
irvan
1925.3208068973865
0.1653247000000011
    
9
irvan
1370.5730551444817
0.17711010000000016
    
10
irvan
1286.5353695774509
0.16720930000000145
    
11
irvan
1514.6070013302253
0.16731150000000028
    
12
irvan
1722.313853706405
0.16940259999999974
    
13
irvan
1294.6210469040002
0.1654138000000014
    
14
irvan
1432.202808032189
0.19042519999999996
    
15
irvan
1412.6562570153365
0.19196059999999981
    
16
irvan
1320.9538857088194
0.18201539999999916
    
17
irvan
1156.4555457917638
0.18993400000000094
    
18
irvan
1202.0617323199347
0.18773840000000064
    
19
irvan
1908.1442028045824
0.18769140000000029
    
20
irvan
2300.6112726125966
0.18192239999999948
    
21
irvan
1831.7724762950195
0.19758489999999895
    
22
irvan
2262.9697497437587
0.17962709999999937
    
23
irvan
1966.045123471712
0.1975876000000003
    
24
irvan
1188.5955920580457
0.18591140000000017
    
25
irvan
1456.7382351233668
0.19640409999999875
    
26
irvan
1297.4383206011887
0.20863740000000064
    
27
irvan
1550.8530777743451
0.17971930000000036
    
28
irvan
1403.422656147678
0.19359269999999995
    
29
irvan
1328.2138975324979
0.1795814
    
30
irvan
1499.4897790491991
0.1718518999999965
    
31
irvan
1455.1447696938021
0.19633430000000018
    
32
irvan
1470.1807073184407
0.19180550000000096
    
33
irvan
1410.6980235060137
0.17571359999999814
    
34
irvan
1439.6079420557173
0.18011780000000144
    
35
irvan
2084.7391285698372
0.17666189999999915
    
36
irvan
1420.6892329367274
0.18106449999999796
    
37
irvan
1440.9123213215505
0.19816620000000285
    
38
irvan
1397.3124794631756
0.17639110000000002
    
39
irvan
1014.947481366947
0.17757190000000023
    
40
irvan
1632.7599126114849
0.18400719999999993
    
41
irvan
1400.8858737228534
0.1826319000000005
    
42
irvan
1646.2623516250196
0.18538189999999943
    
43
irvan
1420.1698416106044
0.1958724000000025
    
44
irvan
1380.069546338324
0.18284560000000027
    
45
irvan
1545.8786693837383
0.21261699999999806
    
46
irvan
2391.651421284123
0.18678290000000075
    
47
irvan
1516.6838773041156
0.18620370000000008
    
48
irvan
1498.9766110631533
0.18589820000000046
    
49
irvan
1353.9897910765224
0.17684170000000066
    
50
irvan
1403.9929093733604
0.19035389999999808
    
51
irvan
1384.197803571687
0.18875380000000064
    
52
irvan
1236.0035455653572
0.17266700000000057
    
53
irvan
1414.70857867901
0.18674269999999993
    
54
irvan
1739.1623537926357
0.17649859999999862
    
55
irvan
1364.849654773747
0.176925200000003
    
56
irvan
1387.2401666400306
0.17711149999999876
    
57
irvan
1809.3466266401847
0.18736050000000048
    
58
irvan
1820.1707310387917
0.1836468999999994
    
59
irvan
1659.0131869507522
0.17007010000000022
    
60
irvan
1705.0421574934483
0.16299559999999857
    
61
irvan
1630.182060723527
0.19817430000000158
    
62
irvan
1853.212273666396
0.16255230000000154
    
63
irvan
1963.2235089749947
0.19136169999999808
    
64
irvan
1759.6038204300155
0.17711900000000114
    
65
irvan
1457.283575208251
0.20751479999999844
    
66
irvan
1246.9327529624418
0.17395510000000058
    
67
irvan
1346.5146306274978
0.18588510000000014
    
68
irvan
1320.9620097394527
0.17474069999999742
    
69
irvan
1451.2136902744699
0.1870516000000002
    
70
irvan
1324.0964665356905
0.17610069999999922
    
71
irvan
1508.6531388038031
0.1821905000000008
    
72
irvan
2029.4013616711504
0.19010680000000235
    
73
irvan
2013.568841864785
0.19312439999999853
    
74
irvan
1376.3060117586333
0.17126149999999996
    
75
irvan
1280.660598526299
0.18231309999999823
    
76
irvan
1460.4493766140888
0.17985579999999857
    
77
irvan
1328.9864122724725
0.18468679999999793
    
78
irvan
1294.283097913813
0.18044880000000063
    
79
irvan
1689.7493874084464
0.18110400000000126
    
80
irvan
1704.450489143032
0.18450750000000227
    
81
irvan
1882.4261197545247
0.2234790999999987
    
82
irvan
1644.1938270585988
0.19717780000000218
    
83
irvan
1699.1560556248667
0.2025131000000009
    
84
irvan
1876.8214497714632
0.2088436999999992
    
85
irvan
1560.3361695016574
0.19036059999999821
    
