1
irvan
2113.574542385665
1.3032249
    
2
irvan
2224.8302466859395
0.2075136000000004
    
3
irvan
2143.2354547877003
0.1601701999999996
    
4
irvan
2345.6268769683793
0.15637059999999892
    
5
irvan
2219.5052913706104
0.15230609999999878
    
6
irvan
2412.4867587951426
0.1603242999999992
    
7
irvan
2395.0002712968176
0.1587265999999996
    
8
irvan
2485.398892212012
0.16219139999999932
    
9
irvan
2300.671517104087
0.18939089999999936
    
10
irvan
2349.549686044419
0.1620311000000001
    
11
irvan
2357.7783780497175
0.1682471999999997
    
12
irvan
2378.697226607536
0.16753270000000064
    
13
irvan
2257.092195426295
0.16451110000000035
    
14
irvan
2376.516895023478
0.1654719
    
15
irvan
2417.8551658194947
0.18370479999999922
    
16
irvan
2217.066063935004
0.15588779999999858
    
17
irvan
2343.887317670065
0.1655072000000004
    
18
irvan
2358.8880266277456
0.17081830000000053
    
19
irvan
2363.2449225541422
0.16366860000000116
    
20
irvan
2389.8743692578364
0.15861799999999882
    
21
irvan
2338.957749392594
0.16793350000000018
    
22
irvan
2190.394616631104
0.15688139999999962
    
23
irvan
2285.3636482286406
0.17688899999999919
    
24
irvan
2355.1365266063467
0.1771653999999998
    
25
irvan
2202.7198637673946
0.16680129999999949
    
26
irvan
2329.2407596477947
0.17363899999999965
    
27
irvan
2384.6624642125917
0.16474119999999992
    
28
irvan
2272.1442838372714
0.17247070000000164
    
29
irvan
2293.3428171013566
0.16240599999999716
    
30
irvan
2245.7545873379318
0.16607399999999828
    
31
irvan
2336.6292445749104
0.1640183999999998
    
32
irvan
2291.529982237586
0.1546104000000028
    
33
irvan
2348.6837869348687
0.16684409999999872
    
34
irvan
2411.9597188402477
0.17866629999999972
    
35
irvan
2471.9617104363406
0.1607309000000008
    
36
irvan
2450.6699190351164
0.1585339000000019
    
37
irvan
2339.655371291111
0.16431070000000148
    
38
irvan
2231.4261346050716
0.16964600000000019
    
39
irvan
2339.913735669301
0.16847479999999848
    
40
irvan
2275.7666360346543
0.16843190000000163
    
41
irvan
2371.809192655021
0.14917420000000092
    
42
irvan
2300.309202287677
0.1648676000000009
    
43
irvan
2237.8809815934596
0.1598512999999997
    
44
irvan
2167.958966019393
0.17284429999999773
    
45
irvan
2184.502949359321
0.1731942999999987
    
46
irvan
2131.3614798934946
0.1496378000000007
    
47
irvan
2125.1133691046157
0.16515169999999912
    
48
irvan
2173.478374399956
0.17367940000000104
    
49
irvan
2103.9011628815297
0.14330080000000223
    
50
irvan
2143.423379822864
0.16648250000000075
    
51
irvan
2185.029759151065
0.18365730000000013
    
52
irvan
2179.1380557020266
0.16679949999999977
    
53
irvan
2096.634100084376
0.15750149999999863
    
54
irvan
2135.765498898638
0.16294259999999738
    
55
irvan
2103.716713188809
0.15598859999999704
    
56
irvan
2091.682548740208
0.16412790000000044
    
57
irvan
2138.728552415094
0.15512359999999958
    
58
irvan
2188.842478490167
0.16372050000000016
    
59
irvan
2144.213698297087
0.17510270000000006
    
60
irvan
2169.3587106494474
0.15352239999999995
    
61
irvan
2260.8900333682836
0.1733224
    
62
irvan
2193.468509037003
0.16455480000000122
    
63
irvan
2130.59907884656
0.1589892000000006
    
64
irvan
2087.1142576832176
0.16331170000000128
    
65
irvan
2189.74477751767
0.17737410000000153
    
66
irvan
2089.2960391117385
0.1585579000000017
    
67
irvan
2198.085643700083
0.15676380000000023
    
68
irvan
2083.5496329036364
0.16676539999999918
    
69
irvan
2040.9272277396783
0.14622969999999924
    
70
irvan
2156.826602938916
0.15675110000000103
    
71
irvan
2091.1010884696207
0.20219279999999884
    
72
irvan
2095.2424169991277
0.20082720000000265
    
73
irvan
2094.3555856254075
0.21972259999999721
    
