1
irvan
1390.7214010466962
0.8330187000000002
    
2
irvan
1309.82496661194
0.20085289999999922
    
3
irvan
1284.193444153892
0.17917650000000052
    
4
irvan
1488.639887174156
0.252653200000001
    
5
irvan
1480.2963672817466
0.2101146000000007
    
6
irvan
1763.2631040014953
0.25259630000000044
    
7
irvan
1886.3959094491076
0.18475040000000043
    
8
irvan
1892.7401096840922
0.17802769999999946
    
9
irvan
2005.0479807530248
0.2253728000000006
    
10
irvan
2285.832712525978
0.21765450000000008
    
11
irvan
2375.0204516810954
0.2806827000000016
    
12
irvan
2432.7697040186936
0.3417228000000012
    
13
irvan
2577.1128187207564
0.19453949999999942
    
14
irvan
2557.0487844328486
0.1916848999999985
    
15
irvan
2640.3285817016044
0.17240630000000046
    
16
irvan
2706.778357107187
0.16773140000000097
    
17
irvan
2685.6410615579116
0.17844050000000067
    
18
irvan
2310.0310872155783
0.18085980000000035
    
19
irvan
2222.52729522854
0.16398229999999892
    
20
irvan
2062.913203266725
0.17970809999999915
    
21
irvan
2071.265864022594
0.18014370000000035
    
22
irvan
1808.145195910047
0.20570969999999988
    
23
irvan
1384.4989428979818
0.17413709999999938
    
24
irvan
1127.5193577023103
0.19278310000000154
    
25
irvan
1315.831983845538
0.23776939999999946
    
26
irvan
1603.8142107134813
0.1716476999999994
    
27
irvan
1633.5440897220565
0.18200889999999958
    
28
irvan
1622.194488689941
0.17584799999999845
    
29
irvan
1609.9973538976017
0.18910430000000034
    
30
irvan
1705.954293582023
0.18262920000000094
    
31
irvan
1936.3626980371355
0.18381579999999786
    
32
irvan
2098.1096208545464
0.17853449999999782
    
33
irvan
2479.325378417225
0.19104330000000047
    
34
sudiyanto
2835.0386927179725
0.2416944000000001
    
35
irvan
2798.923667320302
0.18337560000000153
    
36
sudiyanto
2725.038605305685
0.17355420000000166
    
37
sudiyanto
2806.1610737265532
0.16829359999999838
    
38
sudiyanto
2701.3539184646634
0.1877051999999999
    
39
irvan
2802.8583700042277
0.17681789999999964
    
40
irvan
2004.7079716261137
0.1803892999999981
    
41
irvan
1581.922888051451
0.18995419999999896
    
42
irvan
1320.6892579661928
0.17805110000000113
    
43
irvan
1190.65188535904
0.1768995000000011
    
44
irvan
1239.2143466975515
0.18126150000000152
    
45
irvan
1194.8058123211033
0.18870130000000174
    
46
irvan
1157.9890895521619
0.17345840000000123
    
47
irvan
1259.9119336545523
0.16845029999999994
    
48
irvan
1320.6282677252575
0.1875177000000008
    
49
irvan
1447.8666679136425
0.16970720000000128
    
50
irvan
1653.4139109536084
0.16455280000000272
    
51
irvan
1670.4229458501045
0.1797518000000018
    
52
irvan
1555.6734115051706
0.2430829999999986
    
53
irvan
1380.6737145274544
0.1751997999999979
    
54
irvan
1410.3315597941373
0.21382170000000045
    
55
irvan
1420.9663822510556
0.1795562000000004
    
56
irvan
1395.5287379910876
0.21268019999999765
    
57
irvan
1340.8818706092036
0.17581119999999828
    
