1
irvan
2117.5829264350095
1.4539396999999994
    
2
irvan
2237.9950833145654
0.24910449999999962
    
3
irvan
2475.5753487088796
0.20528760000000013
    
4
irvan
2367.7880082431298
0.21890169999999998
    
5
irvan
2459.0489712046583
0.2171062999999993
    
6
irvan
2269.3623121559917
0.2635258999999994
    
7
irvan
2485.2355318972955
0.24039059999999957
    
8
irvan
2416.0437258933357
0.22633949999999992
    
9
irvan
2488.993073134467
0.2262114999999998
    
10
irvan
2305.3557346717976
0.22818200000000033
    
11
irvan
2154.4367829731473
0.2312341999999994
    
12
irvan
2371.329486565571
0.21217189999999952
    
13
irvan
2451.121488970115
0.20807839999999977
    
14
irvan
2442.637514525639
0.2124877000000005
    
15
irvan
2325.729923767294
0.20574479999999973
    
16
irvan
2435.529769590421
0.23448460000000004
    
17
irvan
2405.6287737662074
0.2193763999999998
    
18
irvan
2169.3241534937874
0.20998630000000063
    
19
irvan
2375.2858631126164
0.20954530000000027
    
20
irvan
2493.8901094173766
0.22200499999999934
    
21
irvan
2233.5314403464517
0.24457080000000175
    
22
irvan
2500.4969093719424
0.22773600000000016
    
23
irvan
2566.21042807199
0.20141470000000083
    
24
irvan
2287.768073884005
0.23550129999999925
    
25
irvan
2385.9011402081674
0.2159879000000018
    
26
irvan
2393.256535963055
0.21153599999999884
    
27
irvan
2409.645257546979
0.20454280000000225
    
28
irvan
2598.201051213143
0.22215950000000007
    
29
irvan
2341.0688458037175
0.19352039999999704
    
30
irvan
2342.481893746621
0.21797770000000227
    
31
irvan
2434.6375075531582
0.20100610000000074
    
32
irvan
2501.138597680896
0.2303052000000001
    
33
irvan
2231.9303676056543
0.23037050000000292
    
34
irvan
2208.1506103659262
0.2224068999999993
    
35
irvan
2543.222728030646
0.21531840000000102
    
36
irvan
2564.1285930363183
0.23327700000000107
    
37
irvan
2318.1612168929178
0.1975377999999992
    
38
irvan
2502.7114583704015
0.19890010000000302
    
39
irvan
2383.101204511283
0.21081869999999725
    
40
irvan
2504.7415120613305
0.20906090000000077
    
41
irvan
2521.656041676494
0.20850679999999855
    
42
irvan
2398.1229694516774
0.22032570000000007
    
43
irvan
2506.152024826572
0.21080450000000184
    
44
irvan
2578.686038403753
0.2084691999999997
    
45
irvan
2485.1962540075024
0.218817099999999
    
46
irvan
2577.339891292746
0.22126940000000062
    
47
irvan
2353.973756155164
0.2081224000000006
    
48
irvan
2539.430842073779
0.22332390000000046
    
49
irvan
2606.5774674982185
0.21162280000000067
    
50
irvan
2356.1842954585422
0.20876199999999656
    
51
irvan
2348.7452425366414
0.20063659999999928
    
52
irvan
2133.553879150178
0.2053617999999986
    
53
irvan
1954.6420705831617
0.20303709999999953
    
54
irvan
2223.80395383583
0.2094959000000003
    
55
irvan
2378.2588920599596
0.20895050000000026
    
56
irvan
2346.1373672563263
0.24126539999999963
    
57
irvan
2553.489603196261
0.20777349999999828
    
58
irvan
2421.8544674477407
0.1981958999999982
    
59
irvan
2449.4657790233223
0.19487120000000147
    
60
irvan
2447.56642043726
0.2077694000000001
    
61
irvan
2520.2149175780783
0.19946970000000164
    
62
irvan
2537.558292683848
0.20198590000000038
    
63
irvan
2517.1690059613197
0.20770740000000032
    
64
irvan
2593.750720038817
0.21111020000000025
    
65
irvan
2596.226979806258
0.2052663999999993
    
66
irvan
2555.779846437516
0.20541640000000072
    
67
irvan
2541.412178181493
0.21198809999999924
    
68
irvan
2449.9569982001167
0.20730680000000135
    
69
irvan
2296.319805310706
0.1930538999999989
    
70
irvan
2540.9295444820555
0.19898389999999821
    
71
irvan
2506.4502648417883
0.2010561000000024
    
72
irvan
2492.488374740799
0.20158110000000207
    
73
irvan
2330.2940083830954
0.20734509999999773
    
74
irvan
2403.559964418948
0.2766220999999973
    
75
irvan
2267.4023904431756
0.3084534999999988
    
76
irvan
2337.6999080736373
0.27676190000000034
    
77
irvan
2092.760109965317
0.30678220000000067
    
78
irvan
2443.441757883847
0.2751616000000041
    
79
irvan
2480.2233340516327
0.27402959999999865
    
80
irvan
2427.939779360362
0.267493199999997
    
81
irvan
2469.557348116849
0.27466370000000495
    
82
irvan
2296.7417693336542
0.25993390000000005
    
83
irvan
2261.9641218077386
0.19655180000000172
    
84
irvan
2217.6113390974156
0.20772120000000172
    
85
irvan
2188.955836022445
0.22157849999999968
    
86
irvan
2493.66325353055
0.21951750000000203
    
