1
irvan
1465.3812005901927
0.42252469999999676
    
2
irvan
1366.220497710908
0.2353393999999973
    
3
irvan
1403.8655409403746
0.1762186000000021
    
4
irvan
1488.654145550455
0.17318819999999846
    
5
irvan
1363.944237213459
0.19326420000000155
    
6
irvan
1423.2830155584852
0.1780393999999994
    
7
irvan
1381.126086380799
0.174098800000003
    
8
irvan
1428.5186437922648
0.18393469999999823
    
9
irvan
1501.4765241492512
0.18236849999999905
    
10
irvan
1484.486149516517
0.19299600000000083
    
11
irvan
1429.3613682313423
0.18620170000000158
    
12
irvan
1424.6613026932107
0.17895020000000272
    
13
irvan
1422.7488213338515
0.18483630000000062
    
14
irvan
1397.9255772733388
0.18413109999999833
    
15
irvan
1407.4042327431641
0.1835800999999968
    
16
irvan
1473.80256278039
0.20739950000000107
    
17
irvan
1437.2544717841627
0.18559709999999896
    
18
irvan
1445.732507345458
0.20651850000000138
    
19
irvan
1541.5871873486317
0.18694359999999932
    
20
irvan
1451.3898581867536
0.21560660000000098
    
21
irvan
1565.8484438156356
0.19220910000000302
    
22
irvan
1441.0603648227197
0.18851510000000005
    
23
irvan
1397.74979509024
0.18979149999999834
    
24
irvan
1465.8268326396246
0.18879429999999786
    
25
irvan
1472.3061200005648
0.18968669999999932
    
26
irvan
1474.9777249953981
0.1903441000000008
    
27
irvan
1472.9613305594817
0.18638540000000248
    
28
irvan
1497.2027279275808
0.18856629999999797
    
29
irvan
1434.103843250422
0.18855650000000068
    
30
irvan
1437.209708879494
0.1799451000000012
    
31
irvan
1447.2154818111685
0.18866789999999867
    
32
irvan
1431.6886553793522
0.19400689999999798
    
33
irvan
1492.2175787991334
0.19729649999999666
    
34
irvan
1376.9606276105908
0.17866009999999832
    
35
irvan
1371.8150417512086
0.19365960000000015
    
36
irvan
1439.6198355660192
0.20167049999999875
    
37
irvan
1424.7529862928923
0.1812466999999991
    
38
irvan
1439.5724912180895
0.18244290000000163
    
39
irvan
1496.3777621253482
0.1901793999999981
    
40
irvan
1447.4291537254317
0.19066839999999985
    
41
irvan
1386.913559930472
0.1840837999999998
    
42
irvan
1389.2186779267872
0.18573559999999745
    
43
irvan
1468.5755675087319
0.1841881999999977
    
44
irvan
1464.0516903239115
0.23198149999999984
    
45
irvan
1469.9842089799567
0.20908880000000352
    
46
irvan
1428.0940532858108
0.18864649999999727
    
47
irvan
1410.373003221121
0.18608729999999696
    
48
irvan
1430.2976826884678
0.1919676999999993
    
49
irvan
1383.5076886832032
0.19254099999999852
    
50
irvan
1452.8559296944968
0.1954004999999981
    
51
irvan
1416.2720822978588
0.18237089999999867
    
52
irvan
1434.300697607798
0.18767549999999744
    
53
irvan
1437.9290663460743
0.18277949999999876
    
54
irvan
1399.9569461495742
0.1737186999999949
    
55
irvan
1473.957413025782
0.2018388999999985
    
56
irvan
1470.284429341309
0.19010919999999487
    
57
irvan
1410.3730012205194
0.20487199999999461
    
58
irvan
1492.3247555472342
0.20846489999999562
    
59
irvan
1487.772007533748
0.19302259999999904
    
60
irvan
1381.3302777084034
0.20422700000000304
    
61
irvan
1444.5077719634266
0.18767599999999618
    
62
irvan
1442.917191859256
0.18559110000000345
    
63
irvan
1503.8390413983632
0.19177210000000144
    
64
irvan
1444.5334352216091
0.21373410000000348
    
65
irvan
1459.5228921761304
0.18904619999999994
    
66
irvan
1461.9651868829021
0.17396360000000044
    
67
irvan
1419.1524669790074
0.21450920000000195
    
68
irvan
1413.5871672872318
0.20655990000000202
    
69
irvan
1479.176427875181
0.21814650000000313
    
70
irvan
1404.0984533059914
0.1895398000000057
    
71
irvan
1432.8430891554785
0.1943702000000016
    
72
irvan
1471.255801627187
0.18498579999999976
    
73
irvan
1395.088411647463
0.19648819999999745
    
74
irvan
1391.0312499025974
0.20748869999999897
    
75
irvan
1398.154790929276
0.20064490000000035
    
76
irvan
1418.8555954598105
0.18568900000000355
    
77
irvan
1387.4850495514095
0.1817820999999995
    
78
irvan
1458.8195703117337
0.1916975999999977
    
79
irvan
1445.5452913101012
0.18712349999999844
    
80
irvan
1448.4820449498561
0.23576760000000263
    
81
irvan
1461.1553192215556
0.1849838000000048
    
82
irvan
1461.7706546017225
0.19151220000000535
    
83
irvan
1432.7168179967377
0.18867269999999792
    
84
irvan
1442.945099407991
0.1927841999999984
    
85
irvan
1491.7779676144892
0.18238010000000315
    
86
irvan
1442.7623781943594
0.18235939999999573
    
87
irvan
1407.100243588429
0.19069649999999427
    
88
irvan
1406.043057161188
0.18168739999999417
    
89
irvan
1351.351675476379
0.1728736999999967
    
90
irvan
1394.6663330305041
0.188855800000006
    
91
irvan
1474.6573740642768
0.1767770000000013
    
92
irvan
1424.4833429578844
0.1915757999999954
    
93
irvan
1355.130028749485
0.18223889999999443
    
94
irvan
1414.1838434295912
0.17323929999999876
    
95
irvan
1370.6387994137974
0.19620969999999716
    
96
irvan
1356.9637660946441
0.26953410000000133
    
