1
irvan
2829.613405121726
0.6695089000000003
    
2
irvan
2383.165734569544
0.22595390000000037
    
3
irvan
2176.520069428744
0.18761130000000037
    
4
irvan
2151.40083830861
0.19451529999999906
    
5
irvan
2178.43399042229
0.2199586
    
6
irvan
2491.3974732031015
0.21001580000000075
    
7
irvan
2514.4395025868803
0.2513297999999988
    
8
irvan
2453.8884597737842
0.20542899999999875
    
9
irvan
2360.5066640695395
0.25096339999999984
    
10
irvan
2376.8969551375594
0.1822771000000003
    
11
irvan
2132.3664115465504
0.29964220000000097
    
12
irvan
2261.3484000584717
0.19205299999999959
    
13
irvan
2073.042211257812
0.20102819999999966
    
14
irvan
2334.754814348808
0.30030999999999963
    
15
irvan
2312.4838477502835
0.19732209999999917
    
16
irvan
2587.2643992835306
0.22259059999999842
    
17
irvan
2255.6746596305675
0.3098150000000004
    
18
irvan
2147.9906928792047
0.22116680000000066
    
19
irvan
2060.213714362611
0.19461940000000055
    
20
irvan
2554.431277688739
0.19380349999999957
    
21
irvan
2788.426497187358
0.20877139999999983
    
22
Tidak Dikenal
3270.502681557552
0.21021869999999865
    
23
Tidak Dikenal
3979.1983917242833
0.28624899999999975
    
24
Tidak Dikenal
3745.2689090012386
0.20345419999999947
    
25
Tidak Dikenal
3174.832621944618
0.21803489999999925
    
26
Tidak Dikenal
3482.2036298749526
0.26765350000000154
    
27
irvan
2139.986839152004
0.22948519999999917
    
28
irvan
2401.8347866109016
0.27214389999999966
    
29
irvan
2363.0748184037952
0.22289220000000043
    
30
Tidak Dikenal
3233.963070485705
0.2702657999999971
    
31
irvan
1991.709868337188
0.20525459999999995
    
32
irvan
2471.645473370781
0.2043600000000012
    
33
irvan
2283.923260736589
0.21397690000000225
    
34
irvan
2432.4189537367733
0.2213339999999988
    
35
irvan
2474.6882629881893
0.2098027000000009
    
36
irvan
2641.6188555082845
0.18830189999999902
    
37
irvan
2782.0772928173956
0.21293229999999852
    
38
irvan
2565.822673149372
0.20905979999999857
    
39
irvan
2592.5450718593224
0.20771699999999882
    
40
irvan
2236.5650423960856
0.19747209999999882
    
41
irvan
2448.6463385033644
0.23374239999999702
    
42
irvan
2453.471744442797
0.20608690000000252
    
43
irvan
2339.323522988098
0.1971759000000013
    
44
irvan
2297.3621254028694
0.189607800000001
    
45
irvan
2621.7842387748133
0.20070220000000205
    
46
irvan
2391.22263163718
0.20446549999999775
    
47
irvan
2190.982980715514
0.20543729999999982
    
48
irvan
2345.552607675508
0.20034279999999782
    
49
irvan
2855.3578983966577
0.2100319000000006
    
50
irvan
2867.1747730899856
0.20985379999999765
    
51
Tidak Dikenal
3088.0430487421713
0.19344489999999936
    
52
Tidak Dikenal
3004.5388847912914
0.2121569999999977
    
53
irvan
2853.177505694468
0.20076719999999781
    
54
irvan
2588.0510387235745
0.1987433999999979
    
55
irvan
2132.0282215805805
0.23952540000000155
    
56
irvan
2297.7752781933464
0.2052133000000005
    
57
irvan
2382.290981835529
0.2160006999999986
    
58
irvan
2563.5098615919514
0.20952919999999864
    
59
irvan
2590.2392747161134
0.19657849999999755
    
60
irvan
2584.1531088957245
0.2192748999999985
    
61
irvan
2506.8742836875717
0.19953310000000002
    
62
irvan
2375.7795300704615
0.1940993000000013
    
63
irvan
2505.4912319984564
0.22245459999999895
    
64
irvan
2608.075124558169
0.20598850000000013
    
65
irvan
2613.7533219502516
0.208233400000001
    
66
irvan
2682.294710897107
0.20396510000000134
    
67
irvan
2363.434648964028
0.19755159999999705
    
68
irvan
2275.2403234097933
0.1892485999999991
    
69
irvan
2339.2371411145896
0.19789530000000255
    
70
irvan
2513.3040892089116
0.19481850000000023
    
71
irvan
2687.3817680331817
0.20972830000000187
    
72
Tidak Dikenal
3052.5987621028708
0.2210390000000011
    
73
irvan
2918.1045638219452
0.2112911000000004
    
74
irvan
2747.215679631591
0.2018437999999989
    
75
irvan
2412.732922529768
0.2283750999999974
    
76
irvan
2703.45951227849
0.21669449999999912
    
