0.8330187000000002
0.20085289999999922
0.17917650000000052
0.252653200000001
0.2101146000000007
0.25259630000000044
0.18475040000000043
0.17802769999999946
0.2253728000000006
0.21765450000000008
0.2806827000000016
0.3417228000000012
0.19453949999999942
0.1916848999999985
0.17240630000000046
0.16773140000000097
0.17844050000000067
0.18085980000000035
0.16398229999999892
0.17970809999999915
0.18014370000000035
0.20570969999999988
0.17413709999999938
0.19278310000000154
0.23776939999999946
0.1716476999999994
0.18200889999999958
0.17584799999999845
0.18910430000000034
0.18262920000000094
0.18381579999999786
0.17853449999999782
0.19104330000000047
0.2416944000000001
0.18337560000000153
0.17355420000000166
0.16829359999999838
0.1877051999999999
0.17681789999999964
0.1803892999999981
0.18995419999999896
0.17805110000000113
0.1768995000000011
0.18126150000000152
0.18870130000000174
0.17345840000000123
0.16845029999999994
0.1875177000000008
0.16970720000000128
0.16455280000000272