0.6695089000000003
0.22595390000000037
0.18761130000000037
0.19451529999999906
0.2199586
0.21001580000000075
0.2513297999999988
0.20542899999999875
0.25096339999999984
0.1822771000000003
0.29964220000000097
0.19205299999999959
0.20102819999999966
0.30030999999999963
0.19732209999999917
0.22259059999999842
0.3098150000000004
0.22116680000000066
0.19461940000000055
0.19380349999999957
0.20877139999999983
0.21021869999999865
0.28624899999999975
0.20345419999999947
0.21803489999999925
0.26765350000000154
0.22948519999999917
0.27214389999999966
0.22289220000000043
0.2702657999999971
0.20525459999999995
0.2043600000000012
0.21397690000000225
0.2213339999999988
0.2098027000000009
0.18830189999999902
0.21293229999999852
0.20905979999999857
0.20771699999999882
0.19747209999999882
0.23374239999999702
0.20608690000000252
0.1971759000000013
0.189607800000001
0.20070220000000205
0.20446549999999775
0.20543729999999982
0.20034279999999782
0.2100319000000006
0.20985379999999765