1.3032249
0.2075136000000004
0.1601701999999996
0.15637059999999892
0.15230609999999878
0.1603242999999992
0.1587265999999996
0.16219139999999932
0.18939089999999936
0.1620311000000001
0.1682471999999997
0.16753270000000064
0.16451110000000035
0.1654719
0.18370479999999922
0.15588779999999858
0.1655072000000004
0.17081830000000053
0.16366860000000116
0.15861799999999882
0.16793350000000018
0.15688139999999962
0.17688899999999919
0.1771653999999998
0.16680129999999949
0.17363899999999965
0.16474119999999992
0.17247070000000164
0.16240599999999716
0.16607399999999828
0.1640183999999998
0.1546104000000028
0.16684409999999872
0.17866629999999972
0.1607309000000008
0.1585339000000019
0.16431070000000148
0.16964600000000019
0.16847479999999848
0.16843190000000163
0.14917420000000092
0.1648676000000009
0.1598512999999997
0.17284429999999773
0.1731942999999987
0.1496378000000007
0.16515169999999912
0.1736794000000010
0.14330080000000223
0.16648250000000075
