1.4539396999999994
0.24910449999999962
0.20528760000000013
0.21890169999999998
0.2171062999999993
0.2635258999999994
0.24039059999999957
0.22633949999999992
0.2262114999999998
0.22818200000000033
0.2312341999999994
0.21217189999999952
0.20807839999999977
0.2124877000000005
0.20574479999999973
0.23448460000000004
0.2193763999999998
0.20998630000000063
0.20954530000000027
0.22200499999999934
0.24457080000000175
0.22773600000000016
0.20141470000000083
0.23550129999999925
0.2159879000000018
0.21153599999999884
0.20454280000000225
0.22215950000000007
0.19352039999999704
0.21797770000000227
0.20100610000000074
0.2303052000000001
0.23037050000000292
0.2224068999999993
0.21531840000000102
0.23327700000000107
0.1975377999999992
0.19890010000000302
0.21081869999999725
0.20906090000000077
0.20850679999999855
0.22032570000000007
0.21080450000000184
0.2084691999999997
0.218817099999999
0.22126940000000062
0.2081224000000006
0.22332390000000046
0.21162280000000067
0.20876199999999656