0.42252469999999676
0.2353393999999973
0.1762186000000021
0.17318819999999846
0.19326420000000155
0.1780393999999994
0.174098800000003
0.18393469999999823
0.18236849999999905
0.19299600000000083
0.18620170000000158
0.17895020000000272
0.18483630000000062
0.18413109999999833
0.1835800999999968
0.20739950000000107
0.18559709999999896
0.20651850000000138
0.18694359999999932
0.21560660000000098
0.19220910000000302
0.18851510000000005
0.18979149999999834
0.18879429999999786
0.18968669999999932
0.1903441000000008
0.18638540000000248
0.18856629999999797
0.18855650000000068
0.1799451000000012
0.18866789999999867
0.19400689999999798
0.19729649999999666
0.17866009999999832
0.19365960000000015
0.20167049999999875
0.1812466999999991
0.18244290000000163
0.1901793999999981
0.19066839999999985
0.1840837999999998
0.18573559999999745
0.1841881999999977
0.23198149999999984
0.20908880000000352
0.18864649999999727
0.18608729999999696
0.1919676999999993
0.19254099999999852
0.1954004999999981