0.5691661999999997
0.1940602000000009
0.16434060000000095
0.16473719999999936
0.18037999999999954
0.17915119999999973
0.2009325000000004
0.1653247000000011
0.17711010000000016
0.16720930000000145
0.16731150000000028
0.16940259999999974
0.1654138000000014
0.19042519999999996
0.19196059999999981
0.18201539999999916
0.18993400000000094
0.18773840000000064
0.18769140000000029
0.18192239999999948
0.19758489999999895
0.17962709999999937
0.1975876000000003
0.18591140000000017
0.19640409999999875
0.20863740000000064
0.17971930000000036
0.19359269999999995
0.1795814
0.1718518999999965
0.19633430000000018
0.19180550000000096
0.17571359999999814
0.18011780000000144
0.17666189999999915
0.18106449999999796
0.19816620000000285
0.17639110000000002
0.17757190000000023
0.18400719999999993
0.1826319000000005
0.18538189999999943
0.1958724000000025
0.18284560000000027
0.21261699999999806
0.18678290000000075
0.18620370000000008
0.18589820000000046
0.17684170000000066
0.19035389999999808